158491	0	635537	1
158491	0	158491	2
158491	0	360918	1
158491	0	1957435	1
158491	0	742912	1
158491	0	607552	1
158491	0	1880296	1
158491	0	1093529	1
158491	0	1774491	1
158491	0	1170039	1
158491	0	1158969	1
158491	0	625257	1
158491	0	663828	1
158491	0	685181	1
158491	0	589549	1
158491	0	2261272	1
158491	0	1956922	1
158491	0	2411344	1
158491	0	945068	1
158491	0	1180246	1
5728	0	5728	2
5728	0	283099	1
5728	0	592647	1
5728	0	645822	1
5728	0	2184293	1
5728	0	608495	1
5728	0	1890681	1
5728	0	375146	1
5728	0	255972	1
5728	0	1597007	1
5728	0	970793	1
5728	0	98452	1
5728	0	911906	1
5728	0	1404651	1
5728	0	79940	1
5728	0	2149047	1
5728	0	849904	1
5728	0	501880	1
5728	0	1893219	1
5728	0	1750830	1
13554	0	166298	1
13554	0	13554	2
13554	0	2164978	1
13554	0	2164385	1
13554	0	1343180	1
13554	0	1070	1
13554	0	1354456	1
13554	0	1333624	1
13554	0	1354099	1
13554	0	1355603	1
13554	0	506304	1
13554	0	1354754	1
13554	0	107818	1
13554	0	1231923	1
13554	0	1355975	1
13554	0	1354324	1
13554	0	2206256	1
13554	0	2108477	1
13554	0	1604564	1
13554	0	1212060	1
32674	0	968448	1
32674	0	784701	1
32674	0	1378846	1
32674	0	834604	1
32674	0	1505849	1
32674	0	961758	1
32674	0	1317839	1
32674	0	671380	1
32674	0	39812	1
32674	0	1560729	1
32674	0	1415478	1
32674	0	375161	1
32674	0	870643	1
32674	0	1205770	1
32674	0	1423812	1
32674	0	1134226	1
32674	0	958943	1
32674	0	910449	1
32674	0	1631	1
32674	0	484924	1
406391	0	2186467	1
406391	0	855680	1
406391	0	1325717	1
406391	0	87050	1
406391	0	1808681	1
406391	0	2328959	1
406391	0	1314997	1
406391	0	40342	1
406391	0	1085516	1
406391	0	2178317	1
406391	0	1248550	1
406391	0	2264449	1
406391	0	1828795	1
406391	0	1712644	1
406391	0	2002272	1
406391	0	2382229	1
406391	0	1931448	1
406391	0	2244630	1
406391	0	1512849	1
406391	0	1789451	1
5115	0	5115	2
5115	0	1384004	1
5115	0	75643	1
5115	0	419556	1
5115	0	546166	1
5115	0	481955	1
5115	0	897966	1
5115	0	585361	1
5115	0	368170	1
5115	0	1337861	1
5115	0	1196497	1
5115	0	807376	1
5115	0	2270937	1
5115	0	549097	1
5115	0	246563	1
5115	0	364605	1
5115	0	242015	1
5115	0	1157462	1
5115	0	367546	1
5115	0	2216970	1
15469	0	15469	2
15469	0	2069564	1
15469	0	975904	1
15469	0	1234860	1
15469	0	1334817	1
15469	0	2149594	1
15469	0	771772	1
15469	0	1533382	1
15469	0	1950839	1
15469	0	544571	1
15469	0	2405799	1
15469	0	1260341	1
15469	0	2413345	1
15469	0	2102316	1
15469	0	841064	1
15469	0	2392139	1
15469	0	2235862	1
15469	0	2365922	1
15469	0	939854	1
15469	0	2316444	1
62953	0	252433	1
62953	0	62953	2
62953	0	62992	1
62953	0	210440	1
62953	0	956952	1
62953	0	62956	1
62953	0	1366881	1
62953	0	524047	1
62953	0	289330	1
62953	0	1184060	1
62953	0	1013750	1
62953	0	1144930	1
62953	0	1354574	1
62953	0	2090336	1
62953	0	1335	1
62953	0	373568	1
62953	0	1256265	1
62953	0	1193752	1
62953	0	756070	1
62953	0	1576707	1
152444	0	152444	2
152444	0	128064	1
152444	0	1647163	1
152444	0	1150937	1
152444	0	1120216	1
152444	0	1120072	1
152444	0	242736	1
152444	0	247573	1
152444	0	376703	1
152444	0	590437	1
152444	0	279748	1
152444	0	1417315	1
152444	0	1753570	1
152444	0	1225505	1
152444	0	2124613	1
152444	0	569398	1
152444	0	192182	1
152444	0	2251234	1
152444	0	630058	1
152444	0	289563	1
104086	0	104086	2
104086	0	1464230	1
104086	0	1531009	1
104086	0	410883	1
104086	0	2283603	1
104086	0	410658	1
104086	0	1882766	1
104086	0	410882	1
104086	0	1800147	1
104086	0	453448	1
104086	0	1548144	1
104086	0	1282288	1
104086	0	1439799	1
104086	0	1196712	1
104086	0	1547597	1
104086	0	1735721	1
104086	0	2137798	1
104086	0	1648450	1
104086	0	1327711	1
104086	0	1047983	1
145194	0	145194	2
145194	0	1091413	1
145194	0	926875	1
145194	0	1400670	1
145194	0	2341007	1
145194	0	1260423	1
145194	0	1089847	1
145194	0	1904588	1
145194	0	2431998	1
145194	0	1916175	1
145194	0	2353524	1
145194	0	1939883	1
145194	0	930936	1
145194	0	1497973	1
145194	0	2417601	1
145194	0	485412	1
145194	0	565665	1
145194	0	2000075	1
145194	0	406476	1
145194	0	1326446	1
73752	0	508040	1
73752	0	371021	1
73752	0	1055223	1
73752	0	550985	1
73752	0	956809	1
73752	0	73752	2
73752	0	943266	1
73752	0	1874805	1
73752	0	307312	1
73752	0	266565	1
73752	0	1800165	1
73752	0	2068551	1
73752	0	2007275	1
73752	0	309020	1
73752	0	814635	1
73752	0	1335597	1
73752	0	1531852	1
73752	0	762321	1
73752	0	1769992	1
73752	0	269878	1
1368508	0	1368508	2
1368508	0	458039	1
1368508	0	1965008	1
1368508	0	471631	1
1368508	0	1056618	1
1368508	0	165829	1
1368508	0	1930068	1
1368508	0	918895	1
1368508	0	370186	1
1368508	0	369736	1
1368508	0	1192490	1
1368508	0	1919569	1
1368508	0	71915	1
1368508	0	395325	1
1368508	0	358311	1
1368508	0	863780	1
1368508	0	2438570	1
1368508	0	335720	1
1368508	0	684519	1
1368508	0	470968	1
11534	0	11534	2
11534	0	1981252	1
11534	0	1191113	1
11534	0	484328	1
11534	0	1401323	1
11534	0	1855299	1
11534	0	250744	1
11534	0	1587853	1
11534	0	1065201	1
11534	0	103436	1
11534	0	1173607	1
11534	0	2136745	1
11534	0	1015758	1
11534	0	1448790	1
11534	0	830759	1
11534	0	1389683	1
11534	0	2142031	1
11534	0	1477071	1
11534	0	1065282	1
11534	0	2338258	1
25174	0	1423627	1
25174	0	58760	1
25174	0	25174	2
25174	0	28719	1
25174	0	1111437	1
25174	0	1607914	1
25174	0	1974743	1
25174	0	1586750	1
25174	0	346140	1
25174	0	1587324	1
25174	0	1150496	1
25174	0	1585379	1
25174	0	1799168	1
25174	0	1266248	1
25174	0	2133267	1
25174	0	698538	1
25174	0	1588691	1
25174	0	2136622	1
25174	0	1779951	1
25174	0	1590488	1
265104	0	265104	2
265104	0	2029779	1
265104	0	2124794	1
265104	0	2400759	1
265104	0	1926522	1
265104	0	449885	1
265104	0	1908247	1
265104	0	1652972	1
265104	0	2012802	1
265104	0	412728	1
265104	0	492119	1
265104	0	2332028	1
265104	0	1069600	1
265104	0	835106	1
265104	0	1741206	1
265104	0	2350161	1
265104	0	933570	1
265104	0	1311119	1
265104	0	995347	1
265104	0	1794157	1
139082	0	139082	2
139082	0	2086664	1
139082	0	811190	1
139082	0	2190431	1
139082	0	1684422	1
139082	0	335755	1
139082	0	1442070	1
139082	0	2225931	1
139082	0	2013876	1
139082	0	580534	1
139082	0	1416592	1
139082	0	899391	1
139082	0	2046771	1
139082	0	681579	1
139082	0	2055223	1
139082	0	1228604	1
139082	0	1118190	1
139082	0	637318	1
139082	0	379093	1
139082	0	306445	1
37743	0	37743	2
37743	0	71143	1
37743	0	475352	1
37743	0	1434142	1
37743	0	797625	1
37743	0	1385344	1
37743	0	124560	1
37743	0	1466087	1
37743	0	1278740	1
37743	0	1790529	1
37743	0	341138	1
37743	0	1966482	1
37743	0	1332929	1
37743	0	215101	1
37743	0	711725	1
37743	0	1504917	1
37743	0	2335851	1
37743	0	471836	1
37743	0	1658870	1
37743	0	1441597	1
207224	0	207224	2
207224	0	719047	1
207224	0	2021965	1
207224	0	2021971	1
207224	0	2264779	1
207224	0	1762471	1
207224	0	690240	1
207224	0	1897859	1
207224	0	2275565	1
207224	0	1768198	1
207224	0	2087933	1
207224	0	1986030	1
207224	0	784848	1
207224	0	1476355	1
207224	0	997372	1
207224	0	1579791	1
207224	0	411230	1
207224	0	1386690	1
207224	0	1132700	1
207224	0	1018916	1
1313611	0	1313611	2
1313611	0	2428055	1
1313611	0	25238	1
1313611	0	4397	1
1313611	0	665971	1
1313611	0	331039	1
1313611	0	1037865	1
1313611	0	1029512	1
1313611	0	36229	1
1313611	0	206592	1
1313611	0	1988889	1
1313611	0	1060264	1
1313611	0	1166122	1
1313611	0	1939753	1
1313611	0	1909291	1
1313611	0	576624	1
1313611	0	834076	1
1313611	0	2364599	1
1313611	0	2159172	1
1313611	0	2018023	1
641464	0	641464	2
641464	0	1377532	1
641464	0	87860	1
641464	0	700592	1
641464	0	506062	1
641464	0	1810381	1
641464	0	2066896	1
641464	0	821616	1
641464	0	41402	1
641464	0	455077	1
641464	0	427924	1
641464	0	1599970	1
641464	0	455826	1
641464	0	2320544	1
641464	0	2039022	1
641464	0	911689	1
641464	0	2164736	1
641464	0	850209	1
641464	0	625698	1
641464	0	715110	1
75295	0	75295	2
75295	0	241786	1
75295	0	364279	1
75295	0	345821	1
75295	0	254961	1
75295	0	1017094	1
75295	0	986624	1
75295	0	540204	1
75295	0	971307	1
75295	0	521342	1
75295	0	1682845	1
75295	0	472853	1
75295	0	1296235	1
75295	0	81837	1
75295	0	525558	1
75295	0	342835	1
75295	0	2100615	1
75295	0	1071874	1
75295	0	458105	1
75295	0	1031295	1
2591	0	2591	2
2591	0	892874	1
2591	0	436662	1
2591	0	1784234	1
2591	0	2424654	1
2591	0	975714	1
2591	0	1066903	1
2591	0	561734	1
2591	0	582159	1
2591	0	2038585	1
2591	0	572710	1
2591	0	2016023	1
2591	0	2016001	1
2591	0	2264589	1
2591	0	892651	1
2591	0	1381497	1
2591	0	1437418	1
2591	0	1105314	1
2591	0	2078706	1
2591	0	605908	1
107590	0	107590	2
107590	0	1441161	1
107590	0	2067143	1
107590	0	1306913	1
107590	0	817179	1
107590	0	1966688	1
107590	0	474634	1
107590	0	1307698	1
107590	0	2057417	1
107590	0	204379	1
107590	0	2123567	1
107590	0	906264	1
107590	0	1797920	1
107590	0	1839207	1
107590	0	1465552	1
107590	0	1426746	1
107590	0	1736536	1
107590	0	443002	1
107590	0	1251990	1
107590	0	1748413	1
362197	0	362197	2
362197	0	2279898	1
362197	0	1779786	1
362197	0	1504613	1
362197	0	1807126	1
362197	0	1903081	1
362197	0	2318002	1
362197	0	394283	1
362197	0	859831	1
362197	0	1935390	1
362197	0	2315390	1
362197	0	764478	1
362197	0	2183597	1
362197	0	466736	1
362197	0	1463296	1
362197	0	417420	1
362197	0	2071128	1
362197	0	736258	1
362197	0	758692	1
362197	0	1819934	1
13540	0	13540	2
13540	0	366979	1
13540	0	11448	1
13540	0	76033	1
13540	0	1096578	1
13540	0	482039	1
13540	0	2351243	1
13540	0	159999	1
13540	0	1855133	1
13540	0	1047639	1
13540	0	341506	1
13540	0	2301152	1
13540	0	1375318	1
13540	0	1896606	1
13540	0	503964	1
13540	0	2118484	1
13540	0	1209770	1
13540	0	983473	1
13540	0	2087558	1
13540	0	2079516	1
25406	0	25406	2
25406	0	19827	1
25406	0	18591	1
25406	0	1033952	1
25406	0	437417	1
25406	0	152530	1
25406	0	133762	1
25406	0	1157500	1
25406	0	403033	1
25406	0	91920	1
25406	0	1456119	1
25406	0	31498	1
25406	0	675044	1
25406	0	99336	1
25406	0	5441	1
25406	0	28504	1
25406	0	515516	1
25406	0	567078	1
25406	0	1915657	1
25406	0	2409167	1
128282	0	128282	2
128282	0	412615	1
128282	0	519919	1
128282	0	2444569	1
128282	0	2426338	1
128282	0	1023131	1
128282	0	2008539	1
128282	0	2430187	1
128282	0	114212	1
128282	0	2421401	1
128282	0	104267	1
128282	0	408790	1
128282	0	399161	1
128282	0	1015024	1
128282	0	705158	1
128282	0	694386	1
128282	0	804139	1
128282	0	1173422	1
128282	0	97527	1
128282	0	1077589	1
267973	0	267973	2
267973	0	674843	1
267973	0	681709	1
267973	0	478850	1
267973	0	582099	1
267973	0	842668	1
267973	0	814532	1
267973	0	240609	1
267973	0	1617486	1
267973	0	2085235	1
267973	0	1578151	1
267973	0	2220887	1
267973	0	1071377	1
267973	0	1426848	1
267973	0	1037144	1
267973	0	1426878	1
267973	0	157511	1
267973	0	1768098	1
267973	0	1457261	1
267973	0	633875	1
116217	0	1427537	1
116217	0	639848	1
116217	0	450625	1
116217	0	1065029	1
116217	0	547584	1
116217	0	116217	2
116217	0	459547	1
116217	0	1927588	1
116217	0	430852	1
116217	0	2340620	1
116217	0	376695	1
116217	0	1369222	1
116217	0	302391	1
116217	0	270094	1
116217	0	634163	1
116217	0	529291	1
116217	0	433897	1
116217	0	155598	1
116217	0	481952	1
116217	0	348999	1
16130	0	998264	1
16130	0	289186	1
16130	0	350854	1
16130	0	1254203	1
16130	0	610420	1
16130	0	581916	1
16130	0	549650	1
16130	0	1529629	1
16130	0	2145933	1
16130	0	2005896	1
16130	0	1818214	1
16130	0	463153	1
16130	0	2213129	1
16130	0	148130	1
16130	0	945258	1
16130	0	2405900	1
16130	0	592338	1
16130	0	164285	1
16130	0	596738	1
16130	0	1247223	1
471746	0	471746	2
471746	0	1739141	1
471746	0	1160715	1
471746	0	1513327	1
471746	0	1500648	1
471746	0	1542354	1
471746	0	2324603	1
471746	0	1542360	1
471746	0	1097663	1
471746	0	412024	1
471746	0	985694	1
471746	0	23500	1
471746	0	1552578	1
471746	0	1615716	1
471746	0	1293152	1
471746	0	2407145	1
471746	0	2322013	1
471746	0	41362	1
471746	0	2448630	1
471746	0	419018	1
113000	0	113000	2
113000	0	1923335	1
113000	0	1007024	1
113000	0	1832124	1
113000	0	1813742	1
113000	0	1765674	1
113000	0	225253	1
113000	0	418993	1
113000	0	525590	1
113000	0	551422	1
113000	0	383380	1
113000	0	363054	1
113000	0	706466	1
113000	0	191318	1
113000	0	1188250	1
113000	0	1932091	1
113000	0	789077	1
113000	0	267253	1
113000	0	1195536	1
113000	0	2159045	1
87860	0	87860	2
87860	0	580397	1
87860	0	22478	1
87860	0	926785	1
87860	0	1761948	1
87860	0	259222	1
87860	0	2222036	1
87860	0	2038118	1
87860	0	2042194	1
87860	0	2184544	1
87860	0	2099882	1
87860	0	475752	1
87860	0	2167567	1
87860	0	1338265	1
87860	0	1661477	1
87860	0	1034656	1
87860	0	2055006	1
87860	0	2104922	1
87860	0	930681	1
87860	0	481315	1
25983	0	25983	2
25983	0	845675	1
25983	0	277998	1
25983	0	121767	1
25983	0	2355672	1
25983	0	1290142	1
25983	0	654454	1
25983	0	1753001	1
25983	0	1234487	1
25983	0	2089283	1
25983	0	1377694	1
25983	0	768117	1
25983	0	846099	1
25983	0	168668	1
25983	0	1376620	1
25983	0	1146947	1
25983	0	1955906	1
25983	0	522452	1
25983	0	1895032	1
25983	0	587284	1
11919	0	219030	1
11919	0	860561	1
11919	0	1493030	1
11919	0	1203539	1
11919	0	2226093	1
11919	0	1107901	1
11919	0	1702723	1
11919	0	930740	1
11919	0	304836	1
11919	0	1701607	1
11919	0	2218603	1
11919	0	1689428	1
11919	0	204262	1
11919	0	2350168	1
11919	0	1350511	1
11919	0	71861	1
11919	0	2080597	1
11919	0	458377	1
11919	0	1587481	1
11919	0	885597	1
22343	0	475794	1
22343	0	1734241	1
22343	0	444952	1
22343	0	1675763	1
22343	0	351199	1
22343	0	878346	1
22343	0	758155	1
22343	0	978858	1
22343	0	726364	1
22343	0	748133	1
22343	0	758326	1
22343	0	975485	1
22343	0	1130591	1
22343	0	768207	1
22343	0	765147	1
22343	0	344222	1
22343	0	386709	1
22343	0	369524	1
22343	0	2384921	1
22343	0	1549907	1
81083	0	81083	2
81083	0	216846	1
81083	0	2387643	1
81083	0	1061887	1
81083	0	490873	1
81083	0	2119831	1
81083	0	967518	1
81083	0	335521	1
81083	0	103742	1
81083	0	1261042	1
81083	0	720549	1
81083	0	536101	1
81083	0	2285196	1
81083	0	54726	1
81083	0	2193034	1
81083	0	532819	1
81083	0	809654	1
81083	0	681618	1
81083	0	2437899	1
81083	0	872041	1
172877	0	2356968	1
172877	0	970808	1
172877	0	843593	1
172877	0	799516	1
172877	0	601814	1
172877	0	454833	1
172877	0	1671472	1
172877	0	367711	1
172877	0	602620	1
172877	0	726168	1
172877	0	1571476	1
172877	0	2387224	1
172877	0	309161	1
172877	0	632012	1
172877	0	602053	1
172877	0	331292	1
172877	0	2205730	1
172877	0	802729	1
172877	0	1608281	1
172877	0	480131	1
7169	0	7169	2
7169	0	7078	1
7169	0	2082603	1
7169	0	10038	1
7169	0	73983	1
7169	0	283713	1
7169	0	134233	1
7169	0	1819379	1
7169	0	1183351	1
7169	0	161354	1
7169	0	1821564	1
7169	0	88435	1
7169	0	128516	1
7169	0	128523	1
7169	0	357298	1
7169	0	505235	1
7169	0	2335644	1
7169	0	75596	1
7169	0	2415472	1
7169	0	1139195	1
13690	0	13690	2
13690	0	1121532	1
13690	0	1900805	1
13690	0	1032490	1
13690	0	2166599	1
13690	0	1021425	1
13690	0	1627034	1
13690	0	2093479	1
13690	0	1502365	1
13690	0	649887	1
13690	0	645450	1
13690	0	2075501	1
13690	0	281408	1
13690	0	1960848	1
13690	0	1192420	1
13690	0	2062276	1
13690	0	1942564	1
13690	0	1126365	1
13690	0	1356524	1
13690	0	2239360	1
8140	0	8140	2
8140	0	1118479	1
8140	0	1426551	1
8140	0	1118476	1
8140	0	490689	1
8140	0	830373	1
8140	0	73864	1
8140	0	1418176	1
8140	0	94256	1
8140	0	1032777	1
8140	0	620999	1
8140	0	1032799	1
8140	0	1113226	1
8140	0	692822	1
8140	0	771711	1
8140	0	1383258	1
8140	0	468703	1
8140	0	2205302	1
8140	0	708970	1
8140	0	694773	1
206019	0	206019	2
206019	0	498419	1
206019	0	1347278	1
206019	0	1665883	1
206019	0	2199706	1
206019	0	942063	1
206019	0	1334440	1
206019	0	142326	1
206019	0	1328726	1
206019	0	1164436	1
206019	0	1135926	1
206019	0	247969	1
206019	0	1214622	1
206019	0	1838033	1
206019	0	1825388	1
206019	0	1270785	1
206019	0	1397010	1
206019	0	1009208	1
206019	0	1529391	1
206019	0	571708	1
104453	0	104453	2
104453	0	2362111	1
104453	0	2380674	1
104453	0	615389	1
104453	0	757440	1
104453	0	2191016	1
104453	0	640355	1
104453	0	2358404	1
104453	0	180299	1
104453	0	1072771	1
104453	0	419231	1
104453	0	1446187	1
104453	0	1171613	1
104453	0	694802	1
104453	0	1895884	1
104453	0	411595	1
104453	0	679926	1
104453	0	1491235	1
104453	0	823716	1
104453	0	409924	1
73673	0	160275	1
73673	0	1864073	1
73673	0	1605097	1
73673	0	775433	1
73673	0	1610881	1
73673	0	149453	1
73673	0	2152537	1
73673	0	1133047	1
73673	0	529546	1
73673	0	238490	1
73673	0	647655	1
73673	0	784251	1
73673	0	1058253	1
73673	0	279724	1
73673	0	972508	1
73673	0	1961054	1
73673	0	996800	1
73673	0	420544	1
73673	0	1095164	1
73673	0	2351984	1
996687	0	996687	2
996687	0	2053858	1
996687	0	341993	1
996687	0	666813	1
996687	0	1834069	1
996687	0	392691	1
996687	0	1577018	1
996687	0	687049	1
996687	0	677692	1
996687	0	666809	1
996687	0	1735641	1
996687	0	649454	1
996687	0	679340	1
996687	0	243964	1
996687	0	137334	1
996687	0	1509164	1
996687	0	887629	1
996687	0	1255489	1
996687	0	481952	1
996687	0	246055	1
121384	0	1062953	1
121384	0	706385	1
121384	0	491690	1
121384	0	786719	1
121384	0	358356	1
121384	0	948116	1
121384	0	1858222	1
121384	0	1611688	1
121384	0	121384	2
121384	0	868257	1
121384	0	1129724	1
121384	0	2026978	1
121384	0	245123	1
121384	0	264081	1
121384	0	925826	1
121384	0	411145	1
121384	0	1790226	1
121384	0	258785	1
121384	0	1597973	1
121384	0	1704342	1
87686	0	87686	2
87686	0	1157199	1
87686	0	529269	1
87686	0	1374014	1
87686	0	1615040	1
87686	0	503404	1
87686	0	976192	1
87686	0	2058032	1
87686	0	1055264	1
87686	0	966769	1
87686	0	1817445	1
87686	0	2058748	1
87686	0	118884	1
87686	0	2213553	1
87686	0	75013	1
87686	0	1008719	1
87686	0	67554	1
87686	0	1622162	1
87686	0	2360876	1
87686	0	364455	1
410859	0	410859	2
410859	0	2193366	1
410859	0	1248605	1
410859	0	2205018	1
410859	0	2211780	1
410859	0	2235789	1
410859	0	2233467	1
410859	0	792598	1
410859	0	617295	1
410859	0	2218906	1
410859	0	790751	1
410859	0	499876	1
410859	0	692721	1
410859	0	2390175	1
410859	0	691699	1
410859	0	1402089	1
410859	0	1966054	1
410859	0	790685	1
410859	0	1403393	1
410859	0	1553828	1
108909	0	108909	2
108909	0	1779265	1
108909	0	1424615	1
108909	0	485246	1
108909	0	852957	1
108909	0	1450812	1
108909	0	113565	1
108909	0	2141042	1
108909	0	2281021	1
108909	0	510037	1
108909	0	2344470	1
108909	0	238020	1
108909	0	575162	1
108909	0	1076780	1
108909	0	926237	1
108909	0	1965133	1
108909	0	1898633	1
108909	0	134057	1
108909	0	2150709	1
108909	0	1991302	1
92044	0	92044	2
92044	0	1967213	1
92044	0	426583	1
92044	0	633169	1
92044	0	217783	1
92044	0	1272986	1
92044	0	920018	1
92044	0	412323	1
92044	0	229323	1
92044	0	1144486	1
92044	0	1721593	1
92044	0	852657	1
92044	0	294135	1
92044	0	343413	1
92044	0	848076	1
92044	0	1371580	1
92044	0	813814	1
92044	0	1319887	1
371437	0	1416899	1
371437	0	1125372	1
371437	0	336506	1
371437	0	199552	1
371437	0	371437	2
371437	0	1089950	1
371437	0	1077262	1
371437	0	1121124	1
371437	0	1992216	1
371437	0	1097635	1
371437	0	1072365	1
371437	0	1031250	1
371437	0	1026583	1
371437	0	565706	1
371437	0	1095695	1
371437	0	1267694	1
371437	0	2303441	1
371437	0	1861181	1
371437	0	719829	1
371437	0	911609	1
151303	0	151303	2
151303	0	830005	1
151303	0	350094	1
151303	0	2271047	1
151303	0	2372829	1
151303	0	2147494	1
151303	0	1057425	1
151303	0	575152	1
151303	0	1258999	1
151303	0	326096	1
151303	0	400659	1
151303	0	2236373	1
151303	0	331770	1
151303	0	240760	1
151303	0	1993287	1
151303	0	1399832	1
151303	0	1124451	1
151303	0	2110400	1
151303	0	712160	1
151303	0	1028738	1
101626	0	101626	2
101626	0	1684402	1
101626	0	281878	1
101626	0	858945	1
101626	0	2025756	1
101626	0	850140	1
101626	0	535382	1
101626	0	2040102	1
101626	0	1356891	1
101626	0	1685865	1
101626	0	2009739	1
101626	0	487866	1
101626	0	414068	1
101626	0	2353406	1
101626	0	531730	1
101626	0	2302732	1
101626	0	1337804	1
101626	0	1341775	1
101626	0	1284191	1
101626	0	2011331	1
79032	0	444531	1
79032	0	1644901	1
79032	0	2314280	1
79032	0	2242864	1
79032	0	1203043	1
79032	0	1280608	1
79032	0	2237246	1
79032	0	1720124	1
79032	0	2290384	1
79032	0	415591	1
79032	0	2179154	1
79032	0	2045218	1
79032	0	301994	1
79032	0	1597469	1
79032	0	679267	1
79032	0	1969292	1
79032	0	1472223	1
79032	0	952315	1
79032	0	1407635	1
79032	0	333226	1
17656	0	17656	2
17656	0	2315815	1
17656	0	267726	1
17656	0	1379750	1
17656	0	854728	1
17656	0	2040919	1
17656	0	665351	1
17656	0	2063690	1
17656	0	830257	1
17656	0	373938	1
17656	0	1860758	1
17656	0	1418457	1
17656	0	1371866	1
17656	0	5767	1
17656	0	2370222	1
17656	0	2358546	1
17656	0	1855650	1
17656	0	978667	1
17656	0	2289419	1
17656	0	2031198	1
15514	0	15514	2
15514	0	1930726	1
15514	0	460758	1
15514	0	146744	1
15514	0	1117132	1
15514	0	1847955	1
15514	0	1190652	1
15514	0	2442369	1
15514	0	1030250	1
15514	0	556914	1
15514	0	1551191	1
15514	0	1759320	1
15514	0	1022254	1
15514	0	1140731	1
15514	0	527984	1
15514	0	2276783	1
15514	0	2143933	1
15514	0	851416	1
15514	0	207346	1
15514	0	2246133	1
1254734	0	1254734	2
1254734	0	1689996	1
1254734	0	1473775	1
1254734	0	665239	1
1254734	0	1284106	1
1254734	0	1135690	1
1254734	0	2221060	1
1254734	0	609296	1
1254734	0	903289	1
1254734	0	2366973	1
1254734	0	2320121	1
1254734	0	1993244	1
1254734	0	301685	1
1254734	0	655165	1
1254734	0	279884	1
1254734	0	1958517	1
1254734	0	1808305	1
1254734	0	878717	1
1254734	0	262844	1
1254734	0	2192121	1
1238278	0	452331	1
1238278	0	1238278	2
1238278	0	1929235	1
1238278	0	1216395	1
1238278	0	1870123	1
1238278	0	381170	1
1238278	0	1486324	1
1238278	0	438356	1
1238278	0	1642847	1
1238278	0	334235	1
1238278	0	346813	1
1238278	0	1686317	1
1238278	0	2427078	1
1238278	0	205497	1
1238278	0	485648	1
1238278	0	2043276	1
1238278	0	2044925	1
1238278	0	2198623	1
1238278	0	657820	1
1238278	0	533774	1
21645	0	21645	2
21645	0	2300832	1
21645	0	2214831	1
21645	0	668617	1
21645	0	7771	1
21645	0	376374	1
21645	0	28652	1
21645	0	514159	1
21645	0	468886	1
21645	0	1484557	1
21645	0	1975775	1
21645	0	307600	1
21645	0	711897	1
21645	0	510236	1
21645	0	23060	1
21645	0	2323560	1
21645	0	1138508	1
21645	0	1267380	1
21645	0	2245601	1
21645	0	1531824	1
1280405	0	2119230	1
1280405	0	1280405	2
1280405	0	1485477	1
1280405	0	692168	1
1280405	0	2114191	1
1280405	0	1098214	1
1280405	0	1986968	1
1280405	0	193249	1
1280405	0	2238522	1
1280405	0	265015	1
1280405	0	1482020	1
1280405	0	301661	1
1280405	0	1798822	1
1280405	0	1804962	1
1280405	0	696170	1
1280405	0	366781	1
1280405	0	1514804	1
1280405	0	691670	1
1280405	0	1684957	1
1280405	0	1329465	1
32559	0	796802	1
32559	0	32559	2
32559	0	459069	1
32559	0	791763	1
32559	0	1606074	1
32559	0	268583	1
32559	0	17400	1
32559	0	606510	1
32559	0	2264821	1
32559	0	1273752	1
32559	0	394192	1
32559	0	2316260	1
32559	0	144905	1
32559	0	93012	1
32559	0	1597973	1
32559	0	1333272	1
32559	0	1291875	1
32559	0	1315167	1
32559	0	846082	1
32559	0	2428394	1
34939	0	709143	1
34939	0	34939	2
34939	0	352063	1
34939	0	1179910	1
34939	0	600258	1
34939	0	1238558	1
34939	0	880818	1
34939	0	961349	1
34939	0	944171	1
34939	0	1593792	1
34939	0	2088983	1
34939	0	120801	1
34939	0	1604968	1
34939	0	1430547	1
34939	0	417759	1
34939	0	1408283	1
34939	0	694114	1
34939	0	2144644	1
34939	0	1278270	1
34939	0	165719	1
174151	0	174151	2
174151	0	2369425	1
174151	0	1186514	1
174151	0	1918715	1
174151	0	1205733	1
174151	0	1828673	1
174151	0	430211	1
174151	0	2350052	1
174151	0	2382679	1
174151	0	1240331	1
174151	0	2451799	1
174151	0	641373	1
174151	0	2241562	1
174151	0	2350903	1
174151	0	1068365	1
174151	0	368642	1
174151	0	115967	1
174151	0	1510345	1
174151	0	2436942	1
174151	0	1040696	1
4900	0	4900	2
4900	0	2064714	1
4900	0	1439087	1
4900	0	2334631	1
4900	0	973440	1
4900	0	347207	1
4900	0	1445071	1
4900	0	2326221	1
4900	0	325041	1
4900	0	1879210	1
4900	0	1217601	1
4900	0	1858796	1
4900	0	1374404	1
4900	0	2292393	1
4900	0	1961850	1
4900	0	1322917	1
4900	0	617105	1
4900	0	1311910	1
4900	0	1945210	1
4900	0	1037110	1
10166	0	10166	2
10166	0	1886126	1
10166	0	308463	1
10166	0	2172103	1
10166	0	1269458	1
10166	0	2139314	1
10166	0	1170756	1
10166	0	1589718	1
10166	0	297836	1
10166	0	472366	1
10166	0	2396724	1
10166	0	679674	1
10166	0	2340336	1
10166	0	1942418	1
10166	0	971457	1
10166	0	2410953	1
10166	0	1557573	1
10166	0	1377964	1
10166	0	705752	1
10166	0	241664	1
25726	0	25726	2
25726	0	734188	1
25726	0	2352514	1
25726	0	2066646	1
25726	0	976965	1
25726	0	510117	1
25726	0	591565	1
25726	0	1312021	1
25726	0	1941332	1
25726	0	1073011	1
25726	0	1773585	1
25726	0	1663968	1
25726	0	1692250	1
25726	0	280547	1
25726	0	622623	1
25726	0	1758435	1
25726	0	1693789	1
25726	0	1477595	1
25726	0	1837912	1
25726	0	2117935	1
720	0	122253	1
720	0	262305	1
720	0	92371	1
720	0	1136741	1
720	0	1783982	1
720	0	345300	1
720	0	358173	1
720	0	550046	1
720	0	1509164	1
720	0	190642	1
720	0	299901	1
720	0	1854956	1
720	0	649454	1
720	0	376388	1
720	0	373618	1
720	0	639848	1
720	0	429222	1
720	0	478584	1
720	0	195938	1
720	0	207264	1
200237	0	1667404	1
200237	0	2347077	1
200237	0	1352798	1
200237	0	1705736	1
200237	0	212272	1
200237	0	1269463	1
200237	0	1865372	1
200237	0	2303321	1
200237	0	1789981	1
200237	0	2261065	1
200237	0	1679778	1
200237	0	1473792	1
200237	0	1317466	1
200237	0	1676489	1
200237	0	1552623	1
200237	0	1437647	1
200237	0	1852382	1
200237	0	2045402	1
200237	0	860983	1
200237	0	2038513	1
14410	0	14410	2
14410	0	1062855	1
14410	0	1159840	1
14410	0	1009258	1
14410	0	86124	1
14410	0	439235	1
14410	0	973079	1
14410	0	1173294	1
14410	0	201915	1
14410	0	1350487	1
14410	0	23846	1
14410	0	757120	1
14410	0	1110855	1
14410	0	2005565	1
14410	0	569629	1
14410	0	91146	1
14410	0	870326	1
14410	0	283216	1
14410	0	154297	1
14410	0	1608868	1
23920	0	23920	2
23920	0	804964	1
23920	0	424330	1
23920	0	322525	1
23920	0	2358280	1
23920	0	2341047	1
23920	0	2285025	1
23920	0	1435673	1
23920	0	2010989	1
23920	0	963776	1
23920	0	1505674	1
23920	0	1989155	1
23920	0	1647337	1
23920	0	233332	1
23920	0	588733	1
23920	0	846878	1
23920	0	514297	1
23920	0	2412659	1
23920	0	951593	1
23920	0	2330754	1
1897191	0	426292	1
1897191	0	2199815	1
1897191	0	141491	1
1897191	0	228744	1
1897191	0	1112200	1
196387	0	1163970	1
196387	0	905457	1
196387	0	1170310	1
196387	0	581793	1
196387	0	590065	1
196387	0	196387	2
196387	0	581099	1
196387	0	1127500	1
196387	0	580150	1
196387	0	764292	1
196387	0	1127542	1
196387	0	1126463	1
196387	0	1127706	1
196387	0	617544	1
196387	0	333396	1
196387	0	1578384	1
196387	0	1938028	1
196387	0	1311075	1
196387	0	1668686	1
196387	0	1535670	1
25130	0	25130	2
25130	0	1114179	1
25130	0	1339117	1
25130	0	576623	1
25130	0	1352062	1
25130	0	1385260	1
25130	0	1504317	1
25130	0	1935967	1
25130	0	1822051	1
25130	0	1791441	1
25130	0	1314194	1
25130	0	797254	1
25130	0	1348605	1
25130	0	1668543	1
25130	0	371783	1
25130	0	414514	1
25130	0	656	1
25130	0	883035	1
25130	0	901222	1
25130	0	324973	1
28232	0	28232	2
28232	0	778621	1
28232	0	99140	1
28232	0	2289213	1
28232	0	300185	1
28232	0	438395	1
28232	0	1743438	1
28232	0	1957735	1
28232	0	501846	1
28232	0	278630	1
28232	0	1171499	1
28232	0	293054	1
28232	0	2187326	1
28232	0	2361217	1
28232	0	228631	1
28232	0	2403738	1
28232	0	204520	1
28232	0	2256656	1
16952	0	868194	1
16952	0	16952	2
16952	0	688960	1
16952	0	1256386	1
16952	0	2191636	1
16952	0	1489058	1
16952	0	1864305	1
16952	0	1815781	1
16952	0	864074	1
16952	0	2061524	1
16952	0	1066898	1
16952	0	2007130	1
16952	0	1106097	1
16952	0	1383054	1
16952	0	378359	1
16952	0	2270999	1
16952	0	1011401	1
16952	0	2374445	1
16952	0	1654083	1
16952	0	1363165	1
28485	0	28485	2
28485	0	493972	1
28485	0	369299	1
28485	0	631234	1
28485	0	644212	1
28485	0	485941	1
28485	0	606570	1
28485	0	476375	1
28485	0	329139	1
28485	0	210277	1
28485	0	810807	1
28485	0	709670	1
28485	0	422464	1
28485	0	629683	1
28485	0	1138870	1
28485	0	327869	1
28485	0	1931870	1
28485	0	40673	1
28485	0	19315	1
28485	0	2298445	1
113827	0	113827	2
113827	0	113823	1
113827	0	1379559	1
113827	0	113836	1
113827	0	25063	1
113827	0	650982	1
113827	0	1083165	1
113827	0	1183703	1
113827	0	2381948	1
113827	0	2380284	1
113827	0	1703690	1
113827	0	1286672	1
113827	0	1303473	1
113827	0	628912	1
113827	0	2226640	1
113827	0	929246	1
113827	0	1176773	1
113827	0	541973	1
113827	0	854503	1
113827	0	1392525	1
32219	0	32219	2
32219	0	1514952	1
32219	0	968936	1
32219	0	1973651	1
32219	0	643883	1
32219	0	1436924	1
32219	0	1546536	1
32219	0	146349	1
32219	0	1031282	1
32219	0	1137902	1
32219	0	1382229	1
32219	0	143582	1
32219	0	1614660	1
32219	0	277454	1
32219	0	1262289	1
32219	0	1739108	1
32219	0	1032328	1
32219	0	1729959	1
32219	0	2353152	1
32219	0	1477696	1
6984	0	1410805	1
6984	0	2264766	1
6984	0	1009934	1
6984	0	1048219	1
6984	0	533481	1
6984	0	279407	1
6984	0	1450758	1
6984	0	2289542	1
6984	0	278573	1
6984	0	1748468	1
6984	0	2200715	1
6984	0	742391	1
6984	0	503299	1
6984	0	595746	1
6984	0	874597	1
6984	0	72607	1
6984	0	240610	1
6984	0	1825708	1
6984	0	488650	1
6984	0	1828695	1
124119	0	124119	2
124119	0	862481	1
124119	0	2277678	1
124119	0	974650	1
124119	0	1006905	1
124119	0	1244357	1
124119	0	835914	1
124119	0	367969	1
124119	0	1765785	1
124119	0	1290550	1
124119	0	2303426	1
124119	0	555369	1
124119	0	830388	1
124119	0	1413449	1
124119	0	481870	1
124119	0	476405	1
124119	0	742210	1
124119	0	477061	1
124119	0	1857795	1
124119	0	1084329	1
34875	0	34875	2
34875	0	2127341	1
34875	0	124779	1
34875	0	127982	1
34875	0	2072713	1
34875	0	2059947	1
34875	0	35538	1
34875	0	1894724	1
34875	0	1876203	1
34875	0	156186	1
34875	0	232614	1
34875	0	156646	1
34875	0	1947319	1
34875	0	1163068	1
34875	0	1778256	1
34875	0	2190073	1
34875	0	558438	1
34875	0	370248	1
34875	0	1640804	1
34875	0	127852	1
7911	0	7911	2
7911	0	153632	1
7911	0	2359539	1
7911	0	2424742	1
7911	0	938283	1
7911	0	2394203	1
7911	0	8546	1
7911	0	2255878	1
7911	0	2057350	1
7911	0	2109190	1
7911	0	1279298	1
7911	0	1140583	1
7911	0	1606366	1
7911	0	1566470	1
7911	0	659784	1
7911	0	1612640	1
7911	0	1784641	1
7911	0	1396336	1
7911	0	109939	1
7911	0	1673302	1
8630	0	8630	2
8630	0	1882271	1
8630	0	1346503	1
8630	0	8314	1
8630	0	275835	1
8630	0	279046	1
8630	0	110421	1
8630	0	910737	1
8630	0	2139539	1
8630	0	2143428	1
8630	0	2436104	1
8630	0	1199365	1
8630	0	172913	1
8630	0	2041354	1
8630	0	1922717	1
8630	0	1378581	1
8630	0	1503471	1
8630	0	2143292	1
8630	0	2060362	1
8630	0	98398	1
422206	0	422206	2
422206	0	1554293	1
422206	0	1597491	1
422206	0	1094400	1
422206	0	1865777	1
422206	0	2176648	1
422206	0	438343	1
422206	0	1441616	1
422206	0	249349	1
422206	0	1492778	1
422206	0	1527671	1
422206	0	720227	1
422206	0	437829	1
422206	0	2346779	1
422206	0	1670981	1
422206	0	1285105	1
422206	0	2090395	1
422206	0	2175181	1
422206	0	1444365	1
422206	0	2194768	1
81416	0	84057	1
81416	0	553675	1
81416	0	81416	2
81416	0	1814115	1
81416	0	305627	1
81416	0	370804	1
81416	0	956539	1
81416	0	2372915	1
81416	0	1701594	1
81416	0	1378424	1
81416	0	490650	1
81416	0	809543	1
81416	0	2285573	1
81416	0	802979	1
81416	0	1839227	1
81416	0	1680541	1
81416	0	815037	1
81416	0	1443601	1
81416	0	1578355	1
81416	0	364112	1
28106	0	28106	2
28106	0	1774669	1
28106	0	2032618	1
28106	0	1761906	1
28106	0	1175128	1
28106	0	1308752	1
28106	0	1152000	1
28106	0	1748654	1
28106	0	1775137	1
28106	0	1971260	1
28106	0	1300226	1
28106	0	2214396	1
28106	0	658587	1
28106	0	2090961	1
28106	0	1238616	1
28106	0	662803	1
28106	0	786267	1
28106	0	2194863	1
28106	0	1422654	1
28106	0	1042641	1
738573	0	821438	1
738573	0	424913	1
738573	0	863869	1
738573	0	112890	1
738573	0	1631481	1
738573	0	1991630	1
738573	0	1991853	1
738573	0	867024	1
738573	0	1827696	1
738573	0	624671	1
738573	0	1625934	1
738573	0	1035337	1
738573	0	2325440	1
738573	0	1762896	1
738573	0	1612267	1
738573	0	580325	1
738573	0	1448233	1
738573	0	951338	1
738573	0	2209005	1
738573	0	1026929	1
125791	0	125791	2
125791	0	727078	1
125791	0	766977	1
125791	0	222252	1
125791	0	765063	1
125791	0	140099	1
125791	0	1935160	1
125791	0	703323	1
125791	0	925834	1
125791	0	1334040	1
125791	0	1218924	1
125791	0	742615	1
125791	0	1809840	1
125791	0	846300	1
125791	0	2081847	1
125791	0	1992343	1
125791	0	1377447	1
125791	0	945857	1
125791	0	1526842	1
125791	0	1175373	1
294384	0	294384	2
294384	0	832060	1
294384	0	2244876	1
294384	0	430971	1
294384	0	1829997	1
294384	0	415694	1
294384	0	1096701	1
294384	0	2252658	1
294384	0	2379048	1
294384	0	1600932	1
294384	0	2325053	1
294384	0	1252847	1
294384	0	755586	1
294384	0	1630942	1
294384	0	2224122	1
294384	0	1855524	1
294384	0	1533835	1
294384	0	2187180	1
294384	0	1822376	1
294384	0	461291	1
470620	0	470620	2
470620	0	2219161	1
470620	0	1428792	1
470620	0	458571	1
470620	0	1809505	1
470620	0	1185407	1
470620	0	2237895	1
470620	0	1671503	1
470620	0	846533	1
470620	0	1434592	1
470620	0	586571	1
470620	0	1876581	1
470620	0	573873	1
470620	0	815540	1
470620	0	1925820	1
470620	0	323867	1
470620	0	1764447	1
470620	0	354956	1
470620	0	1663618	1
470620	0	1714875	1
237831	0	237831	2
237831	0	1145063	1
237831	0	2149564	1
237831	0	717351	1
237831	0	1200546	1
237831	0	37032	1
237831	0	1554624	1
237831	0	222079	1
237831	0	2167993	1
237831	0	2098236	1
237831	0	2161109	1
237831	0	1750727	1
237831	0	818917	1
237831	0	124913	1
237831	0	557965	1
237831	0	1553762	1
237831	0	1696345	1
237831	0	634474	1
237831	0	1944818	1
237831	0	1179996	1
2161	0	2161	2
2161	0	1625247	1
2161	0	1528804	1
2161	0	723518	1
2161	0	2419987	1
2161	0	245926	1
2161	0	1469632	1
2161	0	1108973	1
2161	0	639371	1
2161	0	728767	1
2161	0	1125722	1
2161	0	1257220	1
2161	0	2213346	1
2161	0	92354	1
2161	0	1427853	1
2161	0	372286	1
2161	0	159238	1
2161	0	916054	1
2161	0	2348965	1
2161	0	855572	1
21145	0	1242066	1
21145	0	42711	1
21145	0	1893375	1
21145	0	544567	1
21145	0	1035106	1
21145	0	1556967	1
21145	0	1236822	1
21145	0	1516895	1
21145	0	1557986	1
21145	0	42699	1
21145	0	833588	1
21145	0	830706	1
21145	0	1329982	1
21145	0	807020	1
21145	0	186680	1
21145	0	1801324	1
21145	0	1249097	1
21145	0	498882	1
21145	0	684065	1
21145	0	574274	1
679227	0	132041	1
679227	0	1265695	1
679227	0	1549073	1
679227	0	109890	1
679227	0	397050	1
679227	0	1613884	1
679227	0	1272300	1
679227	0	1778407	1
679227	0	1265873	1
679227	0	1240052	1
679227	0	2139127	1
679227	0	458180	1
679227	0	1272298	1
679227	0	1522293	1
679227	0	1272164	1
679227	0	1371336	1
679227	0	2028917	1
679227	0	1338743	1
679227	0	1901343	1
679227	0	1433479	1
2136797	0	2136797	2
2136797	0	2422061	1
2136797	0	98152	1
2136797	0	486228	1
2136797	0	1250916	1
2136797	0	650795	1
2136797	0	2435429	1
2136797	0	1728468	1
2136797	0	1498253	1
2136797	0	2211121	1
2136797	0	246789	1
2136797	0	1548108	1
2136797	0	2397975	1
2136797	0	2398980	1
2136797	0	2108130	1
2136797	0	1841968	1
2136797	0	2422440	1
2136797	0	2319375	1
2136797	0	2443748	1
2136797	0	865902	1
5622	0	411758	1
5622	0	568878	1
5622	0	383213	1
5622	0	364401	1
5622	0	354854	1
5622	0	714086	1
5622	0	665508	1
5622	0	301834	1
5622	0	993971	1
5622	0	2111939	1
5622	0	369820	1
5622	0	361286	1
5622	0	570822	1
5622	0	1870178	1
5622	0	2116272	1
5622	0	536315	1
5622	0	540972	1
5622	0	365071	1
5622	0	1980448	1
5622	0	1709438	1
1313598	0	1313598	2
1313598	0	1640999	1
1313598	0	820373	1
1313598	0	2313314	1
1313598	0	830231	1
1313598	0	1754443	1
1313598	0	2008517	1
1313598	0	282689	1
1313598	0	752997	1
1313598	0	2004130	1
1313598	0	919776	1
1313598	0	2359604	1
1313598	0	2232532	1
1313598	0	877307	1
1313598	0	566063	1
1313598	0	533560	1
1313598	0	764478	1
1313598	0	224688	1
1313598	0	1129510	1
1313598	0	1141767	1
712704	0	712704	2
712704	0	2156586	1
712704	0	2278764	1
712704	0	587740	1
712704	0	861021	1
712704	0	2004825	1
712704	0	231588	1
712704	0	2228208	1
712704	0	589558	1
712704	0	409520	1
712704	0	2066479	1
712704	0	84615	1
712704	0	913062	1
712704	0	845186	1
712704	0	1696966	1
712704	0	513731	1
712704	0	895966	1
712704	0	1283806	1
712704	0	498185	1
712704	0	366791	1
